3.4879525
1.7427669
1.119727
.8812504
.7779302
.7232044
.6865329
.6570155
.6307195
.60620373
9.505666
5.2210355
2.2416332
.5652704
.37673905
.26828858
.19844848
.14826015
.11405883
.08939777
.4409547
.267132
.2178025
.1932124
.1755488
.16110367
.14882198
.13822289
.12899356
.120898046
.13797699
.10045551
.081674986
.06835155
.058093354
.050002895
.043541275
.03832708
.034077965
.030581808
.03249578
.026967034
.024326866
.022552583
.02115558
.01998239
.018966822
.018071547
.017272022
.016550826
.04394248
.036731657
.032143686
.028594684
.025680425
.023233773
.021156775
.019380352
.017852165
.016529534
.104018085
.0467421
.030965416
.024460832
.020848604
.018465344
.016726995
.015373298
.014269355
.0133384345
.1167128
.05781043
.040228076
.032628648
.028220447
.025187012
.022892566
.021054134
.019523596
.018215103
.04864007
.032718793
.02576076
.021862352
.019266212
.017340397
.015815524
.014558485
.013494778
.012578233
.036276244
.018245777
.012480472
.010253553
.0091326935
.008406727
.007853608
.007396334
.007003566
.006659685
.021571731
.015175289
.012553221
.011095287
.010105781
.009349964
.008733434
.008211735
.0077605755
.0073648714
.016186936
.01359436
.012051788
.010904484
.0099897925
.009238039
.008608349
.008073313
.0076133814
.0072140843
.02014799
.01626418
.013978516
.012423605
.011270628
.010364476
.009623989
.009002663
.008471584
.008011476
.018863989
.015289328
.013297373
.011988861
.011035162
.010288632
.009675531
.009155683
.00870533
.0083093075
.02874588
.020468047
.016327394
.014023786
.012607003
.011643641
.010928198
.010359272
.009884337
.009474538
.07659504
.047348034
.03254749
.024645405
.020175172
.017462717
.015683169
.014421495
.013463405
.012694646
.025675716
.022173997
.019822817
.018077329
.016717985
.015623886
.014720291
.013958034
.013303431
.0127326865
.023014724
.019250084
.017279802
.015965044
.014992531
.014223948
.013586481
.013038918
.012556736
.012124624
.024361163
.020599712
.018471124
.017039144
.015986761
.015164298
.014490557
.013918375
.0134191215
.012974677
.0253271
.02216622
.020110415
.018615013
.017458595
.016526068
.015750822
.01509105
.01451921
.0140163405
